# DAMAGE TABLE
#
#NUMBER OF WEAPON ENTRIES
8
#
# 1=Winded, 2=Lightly Wounded, 3=Badly Wounded, 4=Dead
#
# Result following hit generated from:
# Range(in locations) *8, plus RAND(0 to 7)
#
# Pistol
56
1	1	2	2	3	3	4	4	1	1	2	2	3	3	4	4	1	1	2	2	3	3	3	4	1	1	1	2	2	3	3	4	1	1	1	1	2	2	3	4	0	0	0	0	0	0	0	0	0	0	0	0	0	0	0	0
# Tommy Gun
56
2	3	3	3	3	3	4	4	1	2	2	3	3	4	4	4	1	2	2	3	3	3	4	4	1	1	2	2	3	3	4	4	1	1	2	2	3	3	3	4	1	1	1	2	2	3	3	4	1	1	1	2	2	2	3	4
# Rifle
56
1	2	2	3	3	3	4	4	1	2	2	3	3	3	4	4	1	2	2	3	3	3	4	4	1	1	2	2	3	3	4	4	1	1	2	2	3	3	3	4	1	1	2	2	3	3	3	4	1	1	2	2	2	3	3	4
# Shotgun
56
2	3	3	3	4	4	4	4	2	2	3	3	3	4	4	4	1	2	2	3	3	3	4	4	1	1	1	2	2	3	3	4	1	1	1	2	2	3	3	4	0	0	0	0	0	0	0	0	0	0	0	0	0	0	0	0
# Fist
56
1	1	1	2	2	2	3	4	0	0	0	0	0	0	0	0	0	0	0	0	0	0	0	0	0	0	0	0	0	0	0	0	0	0	0	0	0	0	0	0	0	0	0	0	0	0	0	0	0	0	0	0	0	0	0	0
# Baseball Bat and Crowbar
56
1	1	2	2	2	3	3	4	0	0	0	0	0	0	0	0	0	0	0	0	0	0	0	0	0	0	0	0	0	0	0	0	0	0	0	0	0	0	0	0	0	0	0	0	0	0	0	0	0	0	0	0	0	0	0	0
# Knife
56
2	2	2	3	3	3	4	4	0	0	0	0	0	0	0	0	0	0	0	0	0	0	0	0	0	0	0	0	0	0	0	0	0	0	0	0	0	0	0	0	0	0	0	0	0	0	0	0	0	0	0	0	0	0	0	0
# Kick
56
1	1	1	2	2	2	3	4	0	0	0	0	0	0	0	0	0	0	0	0	0	0	0	0	0	0	0	0	0	0	0	0	0	0	0	0	0	0	0	0	0	0	0	0	0	0	0	0	0	0	0	0	0	0	0	0
# Twin pistols
56
2	3	3	3	3	3	4	4	1	2	2	3	3	4	4	4	1	2	2	3	3	3	4	4	1	2	2	2	3	3	4	4	1	2	2	2	3	3	3	4	1	1	2	2	3	3	3	4	1	1	2	2	2	3	3	4